0 1 4000 0 15000 100 100 100
0 2 50000 50000 15000 100 100 200
2 3 60000 60000 15000 100 100 500
4 4 70000 70000 15000 100 100 50
0 5 500 0 15000 1000 100 100
6 6 40567 43435 15545 50 20 75
0 7 64543 76544 11000 100 300 206
16 8 1000 0 14355 400 200 43
23 9 4332 74332 1000 100 100 50
24 10 500 0 15000 1000 100 100
25 11 5443 4342 1500 200 143 1323
26 12 50000 50000 15000 130 154 232
29 13 60000 60000 12332 543 122 132
32 14 70000 70000 25543 10 10 5
38 15 500 0 43432 654 53 34
39 16 40567 43435 5453 50 20 75
39 17 64543 76544 6565 321 343 206
41 18 1000 0 14355 290 200 43
42 19 4332 74332 12324 100 100 50
45 20 500 3243 15054 173 14 103